image_width: 320
image_height: 240
camera_name: narrow_stereo
camera_matrix:
  rows: 3
  cols: 3
  data: [154.65909,   0.     , 157.10531,
           0.     , 156.44251, 106.54425,
           0.     ,   0.     ,   1.     ]
distortion_model: plumb_bob
distortion_coefficients:
  rows: 1
  cols: 5
  data: [-0.260757, 0.047396, 0.003819, -0.000568, 0.000000]
rectification_matrix:
  rows: 3
  cols: 3
  data: [1., 0., 0.,
         0., 1., 0.,
         0., 0., 1.]
projection_matrix:
  rows: 3
  cols: 4
  data: [105.59737,   0.     , 155.08455,   0.     ,
           0.     , 123.8009 , 100.37916,   0.     ,
           0.     ,   0.     ,   1.     ,   0.     ]
